param nbrArrAC := 90;
param nbrProf := 988;
param nbrDepAC := 95;
param M = 1000000000000000;
param TO_delay := 0; # Maximum alowed takeoff delay
param sep_1 := 60; # separation between departure and preceeding arrival
param sep_2 := 60; # separation between arrival and preceeding departure
param sep_to := 60; # separation between successive departures (no H)
param sep_to_H := 120; # separation between successive departures (if behind H)
 
set AP[1] := 1 2 3 4 5 6 7 8 9 10 11 12 13 14 15 16;
set AP[2] := 17 18 19 20 21 22 23 24;
set AP[3] := 25 26 27 28 29 30 31 32;
set AP[4] := 33 34 35 36 37 38 39;
set AP[5] := 40 41 42 43 44 45 46;
set AP[6] := 47 48 49 50 51 52 53 54;
set AP[7] := 55 56 57 58 59 60 61 62;
set AP[8] := 63 64 65 66 67 68 69 70;
set AP[9] := 71 72 73 74 75 76 77;
set AP[10] := 78 79 80 81 82 83 84 85;
set AP[11] := 86 87 88 89 90 91 92 93;
set AP[12] := 94 95 96 97 98 99 100 101 102 103 104 105 106 107 108 109;
set AP[13] := 110 111 112 113 114 115 116 117;
set AP[14] := 118 119 120 121 122 123 124 125;
set AP[15] := 126 127 128 129 130 131 132 133;
set AP[16] := 134 135 136 137 138 139 140 141;
set AP[17] := 142 143 144 145 146 147 148 149;
set AP[18] := 150 151 152 153 154 155 156 157;
set AP[19] := 158 159 160 161 162 163 164 165;
set AP[20] := 166 167 168 169 170 171 172 173;
set AP[21] := 174 175 176 177 178 179 180 181;
set AP[22] := 182 183 184 185 186 187 188 189;
set AP[23] := 190 191 192 193 194 195 196 197 198 199 200 201 202 203 204 205;
set AP[24] := 206 207 208 209 210 211 212 213 214 215 216 217 218 219 220 221;
set AP[25] := 222 223 224 225 226 227 228 229 230 231 232 233 234 235 236 237;
set AP[26] := 238 239 240 241 242 243 244 245 246 247 248 249 250 251 252 253;
set AP[27] := 254 255 256 257 258 259 260;
set AP[28] := 261 262 263 264 265 266 267 268;
set AP[29] := 269 270 271 272 273 274 275 276;
set AP[30] := 277 278 279 280 281 282 283;
set AP[31] := 284 285 286 287 288 289 290;
set AP[32] := 291 292 293 294 295 296 297 298;
set AP[33] := 299 300 301 302 303 304 305 306;
set AP[34] := 307 308 309 310 311 312 313;
set AP[35] := 314 315 316 317 318 319 320 321 322 323 324 325 326 327 328 329;
set AP[36] := 330 331 332 333 334 335 336 337 338 339 340 341 342 343 344 345;
set AP[37] := 346 347 348 349 350 351 352 353 354 355 356 357 358 359 360 361;
set AP[38] := 362 363 364 365 366 367 368 369 370 371 372 373 374 375 376 377;
set AP[39] := 378 379 380 381 382 383 384 385 386 387 388 389 390 391 392 393;
set AP[40] := 394 395 396 397 398 399 400 401;
set AP[41] := 402 403 404 405 406 407 408 409;
set AP[42] := 410 411 412 413 414 415 416 417;
set AP[43] := 418 419 420 421 422 423 424 425;
set AP[44] := 426 427 428 429 430 431 432 433;
set AP[45] := 434 435 436 437 438 439 440 441;
set AP[46] := 442 443 444 445 446 447 448;
set AP[47] := 449 450 451 452 453 454 455;
set AP[48] := 456 457 458 459 460 461 462 463;
set AP[49] := 464 465 466 467 468 469 470;
set AP[50] := 471 472 473 474 475 476 477 478;
set AP[51] := 479 480 481 482 483 484 485 486;
set AP[52] := 487 488 489 490 491 492 493 494;
set AP[53] := 495 496 497 498 499 500 501 502 503 504 505 506 507 508 509 510;
set AP[54] := 511 512 513 514 515 516 517 518 519 520 521 522 523 524 525 526;
set AP[55] := 527 528 529 530 531 532 533 534 535 536 537 538 539 540 541 542;
set AP[56] := 543 544 545 546 547 548 549 550 551 552 553 554 555 556 557 558;
set AP[57] := 559 560 561 562 563 564 565 566 567 568 569 570 571 572 573 574;
set AP[58] := 575 576 577 578 579 580 581 582 583 584 585 586 587 588 589 590;
set AP[59] := 591 592 593 594 595 596 597 598 599 600 601 602 603 604 605 606;
set AP[60] := 607 608 609 610 611 612 613 614;
set AP[61] := 615 616 617 618 619 620 621 622;
set AP[62] := 623 624 625 626 627 628 629 630;
set AP[63] := 631 632 633 634 635 636 637 638;
set AP[64] := 639 640 641 642 643 644 645 646 647 648 649 650 651 652 653 654;
set AP[65] := 655 656 657 658 659 660 661 662;
set AP[66] := 663 664 665 666 667 668 669 670;
set AP[67] := 671 672 673 674 675 676 677 678 679 680 681 682 683 684 685 686;
set AP[68] := 687 688 689 690 691 692 693 694 695 696 697 698 699 700 701 702;
set AP[69] := 703 704 705 706 707 708 709 710 711 712 713 714 715 716 717 718;
set AP[70] := 719 720 721 722 723 724 725 726 727 728 729 730 731 732 733 734;
set AP[71] := 735 736 737 738 739 740 741 742 743 744 745 746 747 748 749 750;
set AP[72] := 751 752 753 754 755 756 757 758 759 760 761 762 763 764 765 766;
set AP[73] := 767 768 769 770 771 772 773 774 775 776 777 778 779 780 781 782;
set AP[74] := 783 784 785 786 787 788 789 790 791 792 793 794 795 796 797 798;
set AP[75] := 799 800 801 802 803 804 805 806 807 808 809 810 811 812 813 814;
set AP[76] := 815 816 817 818 819 820 821 822 823 824 825 826 827 828 829 830;
set AP[77] := 831 832 833 834 835 836 837 838 839 840 841 842 843 844 845 846;
set AP[78] := 847 848 849 850 851 852 853 854 855 856 857 858 859 860 861 862;
set AP[79] := 863 864 865 866 867 868 869 870 871 872 873 874 875 876 877 878;
set AP[80] := 879 880 881 882 883 884 885 886 887 888 889 890 891 892 893 894;
set AP[81] := 895 896 897 898 899 900 901 902;
set AP[82] := 903 904 905 906 907 908 909 910;
set AP[83] := 911 912 913 914 915 916 917 918 919 920 921 922 923 924 925 926;
set AP[84] := 927 928 929 930 931 932 933 934;
set AP[85] := 935 936 937 938 939 940 941 942;
set AP[86] := 943 944 945 946 947 948 949 950 951 952 953 954 955 956 957 958;
set AP[87] := 959 960 961 962 963 964 965 966;
set AP[88] := 967 968 969 970 971 972 973;
set AP[89] := 974 975 976 977 978 979 980;
set AP[90] := 981 982 983 984 985 986 987 988;

param ETA :=
1	1570204831
2	1570204772
3	1570205290
4	1570204996
5	1570205276
6	1570205251
7	1570205238
8	1570205398
9	1570205821
10	1570205945
11	1570205964
12	1570206416
13	1570206405
14	1570206515
15	1570206525
16	1570206770
17	1570206637
18	1570206792
19	1570207018
20	1570207009
21	1570207104
22	1570207312
23	1570207300
24	1570207812
25	1570207973
26	1570207995
27	1570208113
28	1570208323
29	1570208369
30	1570208422
31	1570208507
32	1570208574;
	
param RTA :=
1 1554926022
2 1554926000
3 1554925980
4 1554925964
5 1554925944
6 1554925927
7 1554925912
8 1554925894
9 1554925877
10 1554925863
11 1554925845
12 1554925828
13 1554925814
14 1554925795
15 1554925777
16 1554925756
17 1554889487
18 1554889465
19 1554889445
20 1554889428
21 1554889409
22 1554889392
23 1554889376
24 1554889332
25 1554928639
26 1554928616
27 1554928596
28 1554928579
29 1554928559
30 1554928542
31 1554928527
32 1554928478
33 1554883697
34 1554883674
35 1554883653
36 1554883635
37 1554883615
38 1554883597
39 1554883581
40 1554915599
41 1554915578
42 1554915561
43 1554915545
44 1554915527
45 1554915511
46 1554915496
47 1554870731
48 1554870707
49 1554870688
50 1554870673
51 1554870655
52 1554870640
53 1554870626
54 1554870595
55 1554909932
56 1554909911
57 1554909895
58 1554909882
59 1554909865
60 1554909850
61 1554909838
62 1554909768
63 1554928495
64 1554928472
65 1554928452
66 1554928435
67 1554928416
68 1554928398
69 1554928383
70 1554928306
71 1554890958
72 1554890937
73 1554890917
74 1554890900
75 1554890880
76 1554890861
77 1554890845
78 1554928995
79 1554928974
80 1554928956
81 1554928941
82 1554928923
83 1554928908
84 1554928894
85 1554928828
86 1554883040
87 1554883019
88 1554882999
89 1554882983
90 1554882964
91 1554882948
92 1554882933
93 1554882861
94 1554880970
95 1554880949
96 1554880931
97 1554880915
98 1554880897
99 1554880881
100 1554880867
101 1554880849
102 1554880835
103 1554880824
104 1554880810
105 1554880799
106 1554880788
107 1554880775
108 1554880763
109 1554880753
110 1554930188
111 1554930168
112 1554930151
113 1554930137
114 1554930121
115 1554930106
116 1554930093
117 1554930014
118 1554897413
119 1554897392
120 1554897373
121 1554897359
122 1554897343
123 1554897328
124 1554897315
125 1554897246
126 1554913237
127 1554913219
128 1554913203
129 1554913189
130 1554913173
131 1554913159
132 1554913145
133 1554913073
134 1554931069
135 1554931048
136 1554931031
137 1554931016
138 1554930999
139 1554930984
140 1554930971
141 1554930890
142 1554919350
143 1554919328
144 1554919308
145 1554919291
146 1554919271
147 1554919254
148 1554919238
149 1554919209
150 1554886456
151 1554886434
152 1554886416
153 1554886401
154 1554886383
155 1554886367
156 1554886353
157 1554886275
158 1554887284
159 1554887262
160 1554887242
161 1554887226
162 1554887206
163 1554887190
164 1554887174
165 1554887126
166 1554882068
167 1554882046
168 1554882029
169 1554882014
170 1554881997
171 1554881982
172 1554881969
173 1554881891
174 1554921971
175 1554921948
176 1554921930
177 1554921916
178 1554921899
179 1554921884
180 1554921871
181 1554921847
182 1554880080
183 1554880057
184 1554880040
185 1554880025
186 1554880008
187 1554879992
188 1554879978
189 1554879946
190 1554907667
191 1554907648
192 1554907631
193 1554907617
194 1554907599
195 1554907584
196 1554907570
197 1554907553
198 1554907538
199 1554907525
200 1554907511
201 1554907499
202 1554907488
203 1554907474
204 1554907462
205 1554907451
206 1554918089
207 1554918071
208 1554918055
209 1554918041
210 1554918025
211 1554918011
212 1554917998
213 1554917983
214 1554917969
215 1554917957
216 1554917941
217 1554917927
218 1554917916
219 1554917901
220 1554917889
221 1554917878
222 1554877845
223 1554877824
224 1554877806
225 1554877791
226 1554877773
227 1554877757
228 1554877744
229 1554877727
230 1554877711
231 1554877699
232 1554877685
233 1554877672
234 1554877662
235 1554877648
236 1554877635
237 1554877624
238 1554890840
239 1554890820
240 1554890803
241 1554890789
242 1554890771
243 1554890755
244 1554890741
245 1554890723
246 1554890707
247 1554890693
248 1554890677
249 1554890664
250 1554890653
251 1554890638
252 1554890626
253 1554890615
254 1554882357
255 1554882334
256 1554882315
257 1554882299
258 1554882281
259 1554882264
260 1554882250
261 1554880330
262 1554880308
263 1554880288
264 1554880271
265 1554880251
266 1554880235
267 1554880221
268 1554880159
269 1554931484
270 1554931462
271 1554931442
272 1554931425
273 1554931406
274 1554931389
275 1554931374
276 1554931296
277 1554887357
278 1554887335
279 1554887315
280 1554887297
281 1554887277
282 1554887258
283 1554887243
284 1554925384
285 1554925361
286 1554925340
287 1554925323
288 1554925304
289 1554925287
290 1554925272
291 1554929457
292 1554929435
293 1554929415
294 1554929398
295 1554929378
296 1554929360
297 1554929345
298 1554929292
299 1554911051
300 1554911030
301 1554911013
302 1554910998
303 1554910981
304 1554910965
305 1554910951
306 1554910918
307 1554895622
308 1554895600
309 1554895581
310 1554895565
311 1554895545
312 1554895528
313 1554895512
314 1554874565
315 1554874546
316 1554874529
317 1554874514
318 1554874497
319 1554874483
320 1554874470
321 1554874453
322 1554874439
323 1554874426
324 1554874410
325 1554874397
326 1554874386
327 1554874371
328 1554874358
329 1554874346
330 1554882405
331 1554882385
332 1554882368
333 1554882352
334 1554882335
335 1554882319
336 1554882306
337 1554882289
338 1554882273
339 1554882260
340 1554882245
341 1554882232
342 1554882222
343 1554882208
344 1554882195
345 1554882185
346 1554906999
347 1554906980
348 1554906964
349 1554906950
350 1554906934
351 1554906919
352 1554906906
353 1554906889
354 1554906875
355 1554906862
356 1554906847
357 1554906834
358 1554906824
359 1554906810
360 1554906797
361 1554906786
362 1554914979
363 1554914961
364 1554914944
365 1554914929
366 1554914913
367 1554914898
368 1554914885
369 1554914869
370 1554914854
371 1554914841
372 1554914826
373 1554914813
374 1554914803
375 1554914789
376 1554914777
377 1554914766
378 1554883578
379 1554883559
380 1554883543
381 1554883528
382 1554883511
383 1554883496
384 1554883483
385 1554883466
386 1554883452
387 1554883439
388 1554883423
389 1554883409
390 1554883398
391 1554883383
392 1554883370
393 1554883358
394 1554929258
395 1554929236
396 1554929216
397 1554929198
398 1554929179
399 1554929161
400 1554929146
401 1554929068
402 1554867254
403 1554867231
404 1554867214
405 1554867199
406 1554867181
407 1554867166
408 1554867153
409 1554867074
410 1554897711
411 1554897688
412 1554897668
413 1554897651
414 1554897631
415 1554897613
416 1554897597
417 1554897571
418 1554903288
419 1554903267
420 1554903249
421 1554903233
422 1554903214
423 1554903198
424 1554903183
425 1554903098
426 1554917607
427 1554917585
428 1554917565
429 1554917549
430 1554917529
431 1554917512
432 1554917496
433 1554917460
434 1554932290
435 1554932267
436 1554932247
437 1554932230
438 1554932210
439 1554932193
440 1554932177
441 1554932116
442 1554925971
443 1554925948
444 1554925928
445 1554925911
446 1554925891
447 1554925873
448 1554925858
449 1554922812
450 1554922789
451 1554922769
452 1554922751
453 1554922732
454 1554922714
455 1554922697
456 1554879299
457 1554879277
458 1554879258
459 1554879241
460 1554879222
461 1554879206
462 1554879190
463 1554879132
464 1554892940
465 1554892918
466 1554892901
467 1554892885
468 1554892866
469 1554892850
470 1554892835
471 1554884266
472 1554884243
473 1554884224
474 1554884207
475 1554884188
476 1554884171
477 1554884156
478 1554884095
479 1554880825
480 1554880803
481 1554880786
482 1554880771
483 1554880754
484 1554880739
485 1554880725
486 1554880674
487 1554913992
488 1554913968
489 1554913947
490 1554913922
491 1554913902
492 1554913884
493 1554913869
494 1554913819
495 1554884813
496 1554884792
497 1554884775
498 1554884759
499 1554884741
500 1554884726
501 1554884712
502 1554884695
503 1554884679
504 1554884666
505 1554884650
506 1554884638
507 1554884627
508 1554884612
509 1554884599
510 1554884588
511 1554894374
512 1554894355
513 1554894339
514 1554894325
515 1554894308
516 1554894293
517 1554894279
518 1554894262
519 1554894247
520 1554894234
521 1554894219
522 1554894206
523 1554894195
524 1554894180
525 1554894167
526 1554894156
527 1554904117
528 1554904099
529 1554904084
530 1554904071
531 1554904056
532 1554904042
533 1554904030
534 1554904014
535 1554904000
536 1554903987
537 1554903971
538 1554903957
539 1554903945
540 1554903929
541 1554903914
542 1554903901
543 1554917937
544 1554917918
545 1554917900
546 1554917885
547 1554917867
548 1554917853
549 1554917839
550 1554917822
551 1554917807
552 1554917794
553 1554917777
554 1554917762
555 1554917752
556 1554917738
557 1554917726
558 1554917715
559 1554924831
560 1554924811
561 1554924793
562 1554924777
563 1554924760
564 1554924745
565 1554924731
566 1554924714
567 1554924699
568 1554924685
569 1554924670
570 1554924657
571 1554924646
572 1554924632
573 1554924619
574 1554924608
575 1554876100
576 1554876079
577 1554876062
578 1554876046
579 1554876028
580 1554876013
581 1554875998
582 1554875981
583 1554875966
584 1554875952
585 1554875935
586 1554875922
587 1554875911
588 1554875897
589 1554875885
590 1554875874
591 1554912037
592 1554912020
593 1554912005
594 1554911991
595 1554911975
596 1554911961
597 1554911949
598 1554911933
599 1554911919
600 1554911906
601 1554911891
602 1554911878
603 1554911867
604 1554911852
605 1554911839
606 1554911828
607 1554900742
608 1554900720
609 1554900701
610 1554900684
611 1554900666
612 1554900650
613 1554900635
614 1554900600
615 1554879533
616 1554879511
617 1554879491
618 1554879474
619 1554879456
620 1554879439
621 1554879424
622 1554879373
623 1554891532
624 1554891509
625 1554891486
626 1554891463
627 1554891443
628 1554891426
629 1554891410
630 1554891369
631 1554903416
632 1554903394
633 1554903372
634 1554903348
635 1554903328
636 1554903311
637 1554903296
638 1554903258
639 1554914829
640 1554914810
641 1554914792
642 1554914777
643 1554914760
644 1554914745
645 1554914732
646 1554914715
647 1554914700
648 1554914687
649 1554914671
650 1554914656
651 1554914645
652 1554914632
653 1554914619
654 1554914609
655 1554925730
656 1554925707
657 1554925688
658 1554925671
659 1554925653
660 1554925636
661 1554925621
662 1554925557
663 1554932018
664 1554931996
665 1554931976
666 1554931959
667 1554931940
668 1554931924
669 1554931908
670 1554931875
671 1554908982
672 1554908964
673 1554908949
674 1554908934
675 1554908919
676 1554908904
677 1554908891
678 1554908875
679 1554908860
680 1554908847
681 1554908832
682 1554908820
683 1554908810
684 1554908796
685 1554908784
686 1554908773
687 1554880717
688 1554880695
689 1554880677
690 1554880661
691 1554880642
692 1554880625
693 1554880611
694 1554880592
695 1554880576
696 1554880563
697 1554880549
698 1554880536
699 1554880525
700 1554880511
701 1554880498
702 1554880487
703 1554882229
704 1554882209
705 1554882191
706 1554882176
707 1554882158
708 1554882142
709 1554882128
710 1554882111
711 1554882096
712 1554882082
713 1554882065
714 1554882050
715 1554882036
716 1554882020
717 1554882006
718 1554881994
719 1554893178
720 1554893160
721 1554893143
722 1554893129
723 1554893112
724 1554893096
725 1554893083
726 1554893066
727 1554893051
728 1554893037
729 1554893020
730 1554893005
731 1554892992
732 1554892975
733 1554892961
734 1554892949
735 1554876042
736 1554876021
737 1554876003
738 1554875987
739 1554875969
740 1554875953
741 1554875939
742 1554875922
743 1554875906
744 1554875892
745 1554875874
746 1554875859
747 1554875846
748 1554875829
749 1554875816
750 1554875805
751 1554899665
752 1554899647
753 1554899630
754 1554899615
755 1554899598
756 1554899582
757 1554899569
758 1554899552
759 1554899536
760 1554899523
761 1554899506
762 1554899490
763 1554899477
764 1554899460
765 1554899447
766 1554899435
767 1554904306
768 1554904286
769 1554904269
770 1554904254
771 1554904236
772 1554904221
773 1554904207
774 1554904190
775 1554904175
776 1554904161
777 1554904144
778 1554904129
779 1554904115
780 1554904099
781 1554904086
782 1554904074
783 1554908337
784 1554908318
785 1554908301
786 1554908286
787 1554908269
788 1554908253
789 1554908240
790 1554908223
791 1554908209
792 1554908195
793 1554908178
794 1554908163
795 1554908150
796 1554908134
797 1554908120
798 1554908108
799 1554914429
800 1554914409
801 1554914391
802 1554914375
803 1554914357
804 1554914341
805 1554914327
806 1554914309
807 1554914294
808 1554914280
809 1554914262
810 1554914247
811 1554914233
812 1554914216
813 1554914202
814 1554914191
815 1554917506
816 1554917487
817 1554917469
818 1554917454
819 1554917436
820 1554917420
821 1554917407
822 1554917390
823 1554917375
824 1554917362
825 1554917344
826 1554917329
827 1554917316
828 1554917299
829 1554917286
830 1554917274
831 1554877602
832 1554877577
833 1554877562
834 1554877546
835 1554877524
836 1554877511
837 1554877496
838 1554877443
839 1554877426
840 1554877412
841 1554877394
842 1554877377
843 1554877363
844 1554877345
845 1554877328
846 1554877314
847 1554919809
848 1554919789
849 1554919771
850 1554919756
851 1554919739
852 1554919723
853 1554919710
854 1554919693
855 1554919678
856 1554919665
857 1554919648
858 1554919633
859 1554919619
860 1554919603
861 1554919589
862 1554919577
863 1554923455
864 1554923435
865 1554923417
866 1554923401
867 1554923384
868 1554923368
869 1554923354
870 1554923337
871 1554923321
872 1554923308
873 1554923291
874 1554923275
875 1554923262
876 1554923245
877 1554923232
878 1554923220
879 1554880411
880 1554880390
881 1554880372
882 1554880357
883 1554880339
884 1554880323
885 1554880309
886 1554880292
887 1554880276
888 1554880263
889 1554880245
890 1554880230
891 1554880216
892 1554880200
893 1554880186
894 1554880174
895 1554879912
896 1554879889
897 1554879869
898 1554879852
899 1554879833
900 1554879816
901 1554879801
902 1554879749
903 1554915499
904 1554915478
905 1554915459
906 1554915444
907 1554915428
908 1554915413
909 1554915399
910 1554915320
911 1554925802
912 1554925782
913 1554925765
914 1554925750
915 1554925733
916 1554925717
917 1554925704
918 1554925687
919 1554925672
920 1554925659
921 1554925643
922 1554925628
923 1554925616
924 1554925600
925 1554925586
926 1554925574
927 1554909974
928 1554909952
929 1554909932
930 1554909915
931 1554909896
932 1554909878
933 1554909862
934 1554909833
935 1554920050
936 1554920028
937 1554920008
938 1554919992
939 1554919973
940 1554919956
941 1554919941
942 1554919862
943 1554877677
944 1554877658
945 1554877641
946 1554877626
947 1554877609
948 1554877594
949 1554877581
950 1554877564
951 1554877549
952 1554877536
953 1554877520
954 1554877505
955 1554877493
956 1554877476
957 1554877461
958 1554877448
959 1554879196
960 1554879173
961 1554879154
962 1554879137
963 1554879118
964 1554879101
965 1554879086
966 1554879030
967 1554900015
968 1554899992
969 1554899972
970 1554899954
971 1554899934
972 1554899916
973 1554899900
974 1554908847
975 1554908824
976 1554908803
977 1554908785
978 1554908765
979 1554908747
980 1554908730
981 1554900278
982 1554900256
983 1554900236
984 1554900219
985 1554900200
986 1554900183
987 1554900167
988 1554900127;

param TT :=
1 773
2 751
3 731
4 715
5 695
6 678
7 663
8 645
9 628
10 614
11 596
12 579
13 565
14 546
15 528
16 507
17 541
18 519
19 499
20 482
21 463
22 446
23 430
24 386
25 537
26 514
27 494
28 477
29 457
30 440
31 425
32 376
33 475
34 452
35 431
36 413
37 393
38 375
39 359
40 454
41 433
42 416
43 400
44 382
45 366
46 351
47 515
48 491
49 472
50 457
51 439
52 424
53 410
54 379
55 557
56 536
57 520
58 507
59 490
60 475
61 463
62 393
63 590
64 567
65 547
66 530
67 511
68 493
69 478
70 401
71 489
72 468
73 448
74 431
75 411
76 392
77 376
78 569
79 548
80 530
81 515
82 497
83 482
84 468
85 402
86 593
87 572
88 552
89 536
90 517
91 501
92 486
93 414
94 1137
95 1116
96 1098
97 1082
98 1064
99 1048
100 1034
101 1016
102 1002
103 991
104 977
105 966
106 955
107 942
108 930
109 920
110 631
111 611
112 594
113 580
114 564
115 549
116 536
117 457
118 558
119 537
120 518
121 504
122 488
123 473
124 460
125 391
126 624
127 606
128 590
129 576
130 560
131 546
132 532
133 460
134 619
135 598
136 581
137 566
138 549
139 534
140 521
141 440
142 516
143 494
144 474
145 457
146 437
147 420
148 404
149 375
150 605
151 583
152 565
153 550
154 532
155 516
156 502
157 424
158 540
159 518
160 498
161 482
162 462
163 446
164 430
165 382
166 628
167 606
168 589
169 574
170 557
171 542
172 529
173 451
174 494
175 471
176 453
177 439
178 422
179 407
180 394
181 370
182 516
183 493
184 476
185 461
186 444
187 428
188 414
189 382
190 1055
191 1036
192 1019
193 1005
194 987
195 972
196 958
197 941
198 926
199 913
200 899
201 887
202 876
203 862
204 850
205 839
206 1167
207 1149
208 1133
209 1119
210 1103
211 1089
212 1076
213 1061
214 1047
215 1035
216 1019
217 1005
218 994
219 979
220 967
221 956
222 1104
223 1083
224 1065
225 1050
226 1032
227 1016
228 1003
229 986
230 970
231 958
232 944
233 931
234 921
235 907
236 894
237 883
238 1059
239 1039
240 1022
241 1008
242 990
243 974
244 960
245 942
246 926
247 912
248 896
249 883
250 872
251 857
252 845
253 834
254 484
255 461
256 442
257 426
258 408
259 391
260 377
261 554
262 532
263 512
264 495
265 475
266 459
267 445
268 383
269 594
270 572
271 552
272 535
273 516
274 499
275 484
276 406
277 513
278 491
279 471
280 453
281 433
282 414
283 399
284 435
285 412
286 391
287 374
288 355
289 338
290 323
291 544
292 522
293 502
294 485
295 465
296 447
297 432
298 379
299 509
300 488
301 471
302 456
303 439
304 423
305 409
306 376
307 475
308 453
309 434
310 418
311 398
312 381
313 365
314 1133
315 1114
316 1097
317 1082
318 1065
319 1051
320 1038
321 1021
322 1007
323 994
324 978
325 965
326 954
327 939
328 926
329 914
330 1122
331 1102
332 1085
333 1069
334 1052
335 1036
336 1023
337 1006
338 990
339 977
340 962
341 949
342 939
343 925
344 912
345 902
346 1075
347 1056
348 1040
349 1026
350 1010
351 995
352 982
353 965
354 951
355 938
356 923
357 910
358 900
359 886
360 873
361 862
362 1110
363 1092
364 1075
365 1060
366 1044
367 1029
368 1016
369 1000
370 985
371 972
372 957
373 944
374 934
375 920
376 908
377 897
378 1123
379 1104
380 1088
381 1073
382 1056
383 1041
384 1028
385 1011
386 997
387 984
388 968
389 954
390 943
391 928
392 915
393 903
394 593
395 571
396 551
397 533
398 514
399 496
400 481
401 403
402 613
403 590
404 573
405 558
406 540
407 525
408 512
409 433
410 520
411 497
412 477
413 460
414 440
415 422
416 406
417 380
418 598
419 577
420 559
421 543
422 524
423 508
424 493
425 408
426 521
427 499
428 479
429 463
430 443
431 426
432 410
433 374
434 556
435 533
436 513
437 496
438 476
439 459
440 443
441 382
442 477
443 454
444 434
445 417
446 397
447 379
448 364
449 440
450 417
451 397
452 379
453 360
454 342
455 325
456 587
457 565
458 546
459 529
460 510
461 494
462 478
463 420
464 459
465 437
466 420
467 404
468 385
469 369
470 354
471 558
472 535
473 516
474 499
475 480
476 463
477 448
478 387
479 565
480 543
481 526
482 511
483 494
484 479
485 465
486 414
487 557
488 533
489 512
490 487
491 467
492 449
493 434
494 384
495 1148
496 1127
497 1110
498 1094
499 1076
500 1061
501 1047
502 1030
503 1014
504 1001
505 985
506 973
507 962
508 947
509 934
510 923
511 1112
512 1093
513 1077
514 1063
515 1046
516 1031
517 1017
518 1000
519 985
520 972
521 957
522 944
523 933
524 918
525 905
526 894
527 1196
528 1178
529 1163
530 1150
531 1135
532 1121
533 1109
534 1093
535 1079
536 1066
537 1050
538 1036
539 1024
540 1008
541 993
542 980
543 1057
544 1038
545 1020
546 1005
547 987
548 973
549 959
550 942
551 927
552 914
553 897
554 882
555 872
556 858
557 846
558 835
559 1086
560 1066
561 1048
562 1032
563 1015
564 1000
565 986
566 969
567 954
568 940
569 925
570 912
571 901
572 887
573 874
574 863
575 1124
576 1103
577 1086
578 1070
579 1052
580 1037
581 1022
582 1005
583 990
584 976
585 959
586 946
587 935
588 921
589 909
590 898
591 1140
592 1123
593 1108
594 1094
595 1078
596 1064
597 1052
598 1036
599 1022
600 1009
601 994
602 981
603 970
604 955
605 942
606 931
607 509
608 487
609 468
610 451
611 433
612 417
613 402
614 367
615 562
616 540
617 520
618 503
619 485
620 468
621 453
622 402
623 538
624 515
625 492
626 469
627 449
628 432
629 416
630 375
631 529
632 507
633 485
634 461
635 441
636 424
637 409
638 371
639 1095
640 1076
641 1058
642 1043
643 1026
644 1011
645 998
646 981
647 966
648 953
649 937
650 922
651 911
652 898
653 885
654 875
655 593
656 570
657 551
658 534
659 516
660 499
661 484
662 420
663 516
664 494
665 474
666 457
667 438
668 422
669 406
670 373
671 1157
672 1139
673 1124
674 1109
675 1094
676 1079
677 1066
678 1050
679 1035
680 1022
681 1007
682 995
683 985
684 971
685 959
686 948
687 1087
688 1065
689 1047
690 1031
691 1012
692 995
693 981
694 962
695 946
696 933
697 919
698 906
699 895
700 881
701 868
702 857
703 1079
704 1059
705 1041
706 1026
707 1008
708 992
709 978
710 961
711 946
712 932
713 915
714 900
715 886
716 870
717 856
718 844
719 1177
720 1159
721 1142
722 1128
723 1111
724 1095
725 1082
726 1065
727 1050
728 1036
729 1019
730 1004
731 991
732 974
733 960
734 948
735 1041
736 1020
737 1002
738 986
739 968
740 952
741 938
742 921
743 905
744 891
745 873
746 858
747 845
748 828
749 815
750 804
751 1083
752 1065
753 1048
754 1033
755 1016
756 1000
757 987
758 970
759 954
760 941
761 924
762 908
763 895
764 878
765 865
766 853
767 1011
768 991
769 974
770 959
771 941
772 926
773 912
774 895
775 880
776 866
777 849
778 834
779 820
780 804
781 791
782 779
783 1117
784 1098
785 1081
786 1066
787 1049
788 1033
789 1020
790 1003
791 989
792 975
793 958
794 943
795 930
796 914
797 900
798 888
799 1164
800 1144
801 1126
802 1110
803 1092
804 1076
805 1062
806 1044
807 1029
808 1015
809 997
810 982
811 968
812 951
813 937
814 926
815 1100
816 1081
817 1063
818 1048
819 1030
820 1014
821 1001
822 984
823 969
824 956
825 938
826 923
827 910
828 893
829 880
830 868
831 1311
832 1286
833 1271
834 1255
835 1233
836 1220
837 1205
838 1152
839 1135
840 1121
841 1103
842 1086
843 1072
844 1054
845 1037
846 1023
847 1116
848 1096
849 1078
850 1063
851 1046
852 1030
853 1017
854 1000
855 985
856 972
857 955
858 940
859 926
860 910
861 896
862 884
863 1089
864 1069
865 1051
866 1035
867 1018
868 1002
869 988
870 971
871 955
872 942
873 925
874 909
875 896
876 879
877 866
878 854
879 1157
880 1136
881 1118
882 1103
883 1085
884 1069
885 1055
886 1038
887 1022
888 1009
889 991
890 976
891 962
892 946
893 932
894 920
895 566
896 543
897 523
898 506
899 487
900 470
901 455
902 403
903 630
904 609
905 590
906 575
907 559
908 544
909 530
910 451
911 1212
912 1192
913 1175
914 1160
915 1143
916 1127
917 1114
918 1097
919 1082
920 1069
921 1053
922 1038
923 1026
924 1010
925 996
926 984
927 512
928 490
929 470
930 453
931 434
932 416
933 400
934 371
935 589
936 567
937 547
938 531
939 512
940 495
941 480
942 401
943 1088
944 1069
945 1052
946 1037
947 1020
948 1005
949 992
950 975
951 960
952 947
953 931
954 916
955 904
956 887
957 872
958 859
959 581
960 558
961 539
962 522
963 503
964 486
965 471
966 415
967 460
968 437
969 417
970 399
971 379
972 361
973 345
974 446
975 423
976 402
977 384
978 364
979 346
980 329
981 527
982 505
983 485
984 468
985 449
986 432
987 416
988 376;

param FUEL :=
1 105.097
2 102.425
3 100
4 98.031
5 95.562
6 93.458
7 91.592
8 89.354
9 87.218
10 85.467
11 83.213
12 81.067
13 79.299
14 76.876
15 74.573
16 71.392
17 77.074
18 74.252
19 71.665
20 69.456
21 66.953
22 64.709
23 62.542
24 57.125
25 83.121
26 79.87
27 77.024
28 74.594
29 71.713
30 69.253
31 67.081
32 60.173
33 74.817
34 71.5
35 68.449
36 65.818
37 62.868
38 60.193
39 57.815
40 66.076
41 63.383
42 61.218
43 59.144
44 56.809
45 54.68
46 52.65
47 145.231
48 139.339
49 134.768
50 131.316
51 127.163
52 123.677
53 120.303
54 113.577
55 83.658
56 80.686
57 78.611
58 76.894
59 74.654
60 72.641
61 71.036
62 62.192
63 89.996
64 86.796
65 84.009
66 81.632
67 78.948
68 76.409
69 74.287
70 63.683
71 76.679
72 73.665
73 70.77
74 68.296
75 65.374
76 62.573
77 60.213
78 126.748
79 122.525
80 118.86
81 115.778
82 112.051
83 108.91
84 105.979
85 92.165
86 131.655
87 127.439
88 123.389
89 120.109
90 116.191
91 112.867
92 109.734
93 94.736
94 362.303
95 346.263
96 332.938
97 321.122
98 306.689
99 294.783
100 284.399
101 269.921
102 258.44
103 247.642
104 232.983
105 221.063
106 209.115
107 195.736
108 185.316
109 183.693
110 92.885
111 90.321
112 88.179
113 86.385
114 84.328
115 82.371
116 80.656
117 70.352
118 62.188
119 60.062
120 58.132
121 56.72
122 55.093
123 53.557
124 52.216
125 44.896
126 83.763
127 81.651
128 79.785
129 78.133
130 76.212
131 74.523
132 72.79
133 65.205
134 83.555
135 80.971
136 78.966
137 77.208
138 75.197
139 73.384
140 71.857
141 63.123
142 74.308
143 71.437
144 68.804
145 66.555
146 63.882
147 61.598
148 59.394
149 55.757
150 83.174
151 80.425
152 78.236
153 76.406
154 74.189
155 72.195
156 70.485
157 61.55
158 70.308
159 67.714
160 65.341
161 63.433
162 61.033
163 59.101
164 57.16
165 51.248
166 84.591
167 81.821
168 79.82
169 78.066
170 76.042
171 74.25
172 72.71
173 64.375
174 78.247
175 74.846
176 72.275
177 70.308
178 67.909
179 65.778
180 63.882
181 60.685
182 79.018
183 75.758
184 73.467
185 71.412
186 69.087
187 66.872
188 64.887
189 60.804
190 133.069
191 130.55
192 128.283
193 126.417
194 124.019
195 121.991
196 120.106
197 117.798
198 115.746
199 113.996
200 112.249
201 110.753
202 109.395
203 107.636
204 106.143
205 104.775
206 160.212
207 154.018
208 148.417
209 143.811
210 138.205
211 133.593
212 129.086
213 123.578
214 118.959
215 117.144
216 115.537
217 114.122
218 113.032
219 111.555
220 110.364
221 109.287
222 138.971
223 136.234
224 133.859
225 131.879
226 129.523
227 127.385
228 125.647
229 123.384
230 121.264
231 119.685
232 117.946
233 116.348
234 115.093
235 113.375
236 111.781
237 110.418
238 144.996
239 142.153
240 139.712
241 137.707
242 135.133
243 132.841
244 130.829
245 128.246
246 125.905
247 123.883
248 121.61
249 119.882
250 118.426
251 116.46
252 114.883
253 113.421
254 74.282
255 71.095
256 68.455
257 66.211
258 63.661
259 61.229
260 59.212
261 52.939
262 51.162
263 49.522
264 48.115
265 46.447
266 45.118
267 43.949
268 38.801
269 78.985
270 76.525
271 74.283
272 72.353
273 70.16
274 68.177
275 66.417
276 57.174
277 70.446
278 67.827
279 65.411
280 63.211
281 60.735
282 58.354
283 56.456
284 57.741
285 54.929
286 52.343
287 50.231
288 47.853
289 45.707
290 43.81
291 82.416
292 79.446
293 76.723
294 74.39
295 71.62
296 69.108
297 67
298 59.492
299 77.535
300 74.684
301 72.372
302 70.311
303 67.95
304 65.711
305 63.724
306 59.056
307 73.083
308 70.021
309 67.356
310 65.093
311 62.241
312 59.794
313 57.474
314 148.6
315 146.583
316 144.778
317 143.167
318 141.308
319 139.766
320 138.332
321 136.454
322 134.877
323 133.411
324 131.655
325 130.237
326 129.017
327 127.36
328 125.906
329 124.573
330 177.059
331 168.332
332 161.566
333 154.879
334 148.094
335 140.88
336 135.601
337 132.334
338 130.508
339 129.02
340 127.411
341 126.068
342 125.032
343 123.567
344 122.195
345 121.108
346 140.717
347 138.656
348 136.916
349 135.381
350 133.584
351 131.902
352 130.428
353 128.504
354 126.88
355 125.376
356 123.718
357 122.351
358 121.281
359 119.783
360 118.38
361 117.173
362 149.367
363 142.681
364 140.045
365 138.397
366 136.613
367 134.943
368 133.518
369 131.701
370 130
371 128.509
372 126.872
373 125.529
374 124.48
375 123.014
376 121.736
377 120.554
378 147.24
379 145.215
380 143.496
381 141.88
382 140.013
383 138.369
384 136.929
385 135.043
386 133.458
387 131.985
388 130.207
389 128.694
390 127.5
391 125.852
392 124.406
393 123.065
394 88.904
395 86.001
396 83.335
397 80.918
398 78.34
399 75.881
400 73.818
401 62.938
402 90.799
403 87.795
404 85.625
405 83.689
406 81.339
407 79.364
408 77.64
409 67.097
410 101.802
411 97.528
412 93.804
413 90.635
414 86.897
415 83.525
416 80.524
417 75.611
418 89.409
419 86.642
420 84.259
421 82.123
422 79.568
423 77.397
424 75.352
425 63.621
426 79.375
427 76.375
428 73.623
429 71.402
430 68.603
431 66.204
432 63.926
433 58.777
434 84.003
435 80.916
436 78.206
437 75.884
438 73.128
439 70.766
440 68.531
441 59.923
442 73.377
443 70.177
444 67.367
445 64.958
446 62.1
447 59.505
448 57.328
449 68.216
450 64.965
451 62.11
452 59.517
453 56.756
454 54.118
455 51.607
456 88.011
457 85.096
458 82.566
459 80.279
460 77.705
461 75.514
462 73.3
463 65.324
464 70.857
465 67.775
466 65.381
467 63.108
468 60.382
469 58.065
470 55.877
471 84.203
472 81.12
473 78.561
474 76.254
475 73.649
476 71.297
477 69.212
478 60.647
479 84.8
480 81.879
481 79.645
482 77.648
483 75.367
484 73.332
485 71.406
486 64.458
487 70.029
488 65.666
489 61.903
490 60.564
491 56.513
492 52.734
493 49.783
494 38.631
495 234.601
496 226.309
497 219.516
498 212.823
499 206.476
500 200.408
501 195.029
502 188.182
503 181.441
504 176.684
505 168.912
506 162.685
507 157.701
508 149.491
509 143.171
510 137.595
511 193.037
512 185.64
513 179.088
514 173.811
515 166.635
516 160.702
517 154.904
518 148.202
519 142.245
520 137.033
521 129.679
522 123.091
523 117.733
524 115.154
525 113.568
526 112.213
527 170.455
528 162.807
529 156.3
530 150.796
531 144.481
532 142.83
533 141.407
534 139.519
535 137.858
536 136.319
537 134.418
538 132.745
539 131.302
540 129.386
541 127.57
542 126.027
543 192.53
544 186.431
545 179.369
546 174.191
547 167.666
548 162.048
549 156.967
550 151.061
551 145.877
552 141.416
553 134.967
554 129.272
555 124.071
556 117.442
557 111.522
558 106.229
559 194.039
560 186.394
561 179.49
562 173.378
563 166.561
564 160.493
565 155.114
566 148.265
567 142.752
568 136.765
569 130.219
570 123.324
571 117.756
572 110.789
573 103.882
574 98.303
575 232.326
576 224.487
577 218.619
578 212.85
579 205.827
580 200.676
581 195.524
582 189.117
583 183.962
584 178.907
585 173.03
586 167.554
587 162.297
588 155.175
589 149.293
590 144.033
591 174.994
592 167.855
593 160.943
594 154.647
595 147.604
596 140.791
597 139.194
598 137.423
599 135.853
600 134.396
601 132.747
602 131.351
603 130.16
604 128.535
605 127.108
606 125.884
607 49.448
608 47.621
609 46.024
610 44.577
611 43.041
612 41.669
613 40.35
614 37.389
615 53.695
616 51.92
617 50.297
618 48.889
619 47.392
620 45.961
621 44.674
622 40.468
623 66.31
624 62.111
625 58.719
626 56.661
627 52.606
628 49.042
629 46.036
630 36.691
631 64.484
632 60.085
633 56.449
634 54.872
635 50.818
636 47.423
637 44.469
638 35.949
639 214.773
640 208.195
641 201.181
642 196.037
643 189.64
644 184.494
645 179.548
646 173.681
647 167.998
648 163.566
649 157.796
650 152.127
651 146.875
652 140.377
653 134.409
654 129.244
655 83.442
656 80.51
657 78.083
658 75.88
659 73.541
660 71.307
661 69.303
662 61.47
663 50.096
664 48.277
665 46.599
666 45.157
667 43.531
668 42.15
669 40.74
670 37.935
671 220.159
672 212.385
673 205.518
674 199.222
675 192.339
676 186.028
677 180.507
678 173.476
679 166.563
680 161.022
681 153.592
682 147.125
683 142.023
684 134.195
685 127.718
686 125.69
687 252.673
688 243.71
689 236.357
690 230.369
691 222.846
692 216.172
693 210.409
694 203.411
695 196.81
696 191.213
697 183.355
698 176.754
699 170.389
700 163.08
701 155.905
702 150.074
703 198.447
704 192.542
705 187.144
706 182.693
707 177.281
708 172.379
709 168.363
710 163.368
711 158.903
712 154.871
713 149.854
714 145.35
715 141.299
716 136.364
717 131.603
718 127.732
719 242.523
720 237.103
721 232.144
722 227.758
723 222.772
724 218.233
725 214.646
726 209.28
727 205.161
728 200.743
729 196.089
730 191.573
731 187.951
732 182.559
733 177.781
734 173.899
735 209.711
736 203.442
737 198.234
738 193.596
739 188.371
740 183.717
741 179.635
742 174.879
743 170.201
744 166.532
745 161.254
746 157.045
747 153.009
748 147.405
749 142.561
750 138.724
751 216.668
752 211.734
753 206.855
754 202.129
755 197.234
756 192.819
757 188.624
758 183.707
759 179.27
760 175.464
761 170.523
762 165.658
763 162.214
764 156.885
765 152.29
766 147.773
767 192.897
768 187.186
769 182.115
770 178.017
771 172.85
772 168.329
773 164.293
774 159.162
775 155.05
776 150.993
777 146.264
778 142.103
779 137.623
780 132.553
781 127.763
782 123.478
783 226.037
784 220.355
785 215.592
786 210.98
787 206.203
788 201.105
789 197.407
790 192.607
791 188.422
792 184.231
793 179.408
794 175.118
795 171.386
796 166.248
797 161.307
798 157.291
799 292.938
800 287.225
801 282.073
802 277.484
803 272.314
804 267.709
805 263.268
806 258.074
807 253.935
808 249.9
809 244.68
810 240.517
811 236.86
812 230.896
813 225.622
814 221.838
815 221.303
816 215.943
817 210.653
818 206.36
819 201.054
820 196.285
821 192.535
822 187.669
823 183.341
824 179.575
825 174.223
826 169.873
827 166.065
828 160.805
829 156.258
830 151.781
831 215.007
832 211.771
833 206.712
834 203.395
835 200.783
836 196.138
837 193.03
838 202.413
839 198.833
840 195.766
841 191.953
842 188.375
843 185.492
844 181.499
845 177.923
846 175.041
847 211.582
848 205.741
849 200.386
850 195.997
851 191.076
852 186.227
853 182.317
854 177.376
855 172.941
856 169.033
857 164.071
858 159.986
859 155.609
860 150.725
861 146.014
862 142.176
863 220.149
864 214.242
865 208.875
866 204.05
867 199.136
868 194.297
869 190.41
870 185.473
871 181.018
872 176.789
873 172.235
874 167.35
875 163.893
876 158.15
877 153.536
878 149.401
879 249.618
880 243.671
881 238.338
882 234.01
883 228.661
884 224.257
885 219.99
886 215.084
887 210.658
888 206.457
889 201.06
890 197.078
891 192.771
892 187.936
893 182.885
894 178.379
895 80.241
896 77.304
897 74.723
898 72.503
899 70.024
900 67.771
901 65.733
902 59.352
903 77.914
904 75.586
905 73.467
906 71.813
907 70.043
908 68.37
909 66.796
910 57.956
911 329.154
912 319.623
913 311.891
914 304.85
915 296.595
916 288.943
917 283.083
918 274.8
919 267.715
920 261.833
921 254.113
922 247.002
923 241.254
924 233.081
925 225.621
926 219.859
927 81.906
928 78.683
929 75.731
930 73.21
931 70.376
932 67.668
933 65.234
934 61.016
935 92.579
936 89.427
937 86.544
938 84.227
939 81.467
940 78.971
941 76.777
942 65.446
943 260.209
944 256.612
945 253.378
946 250.513
947 247.252
948 244.362
949 241.848
950 238.545
951 235.618
952 233.07
953 229.92
954 226.953
955 224.57
956 221.178
957 218.168
958 215.547
959 91.42
960 88.121
961 85.374
962 82.914
963 80.138
964 77.65
965 75.406
966 67.477
967 67.28
968 64.24
969 61.578
970 59.163
971 56.442
972 53.984
973 51.737
974 65.945
975 62.887
976 60.065
977 57.628
978 54.892
979 52.413
980 50.042
981 83.956
982 80.746
983 77.813
984 75.31
985 72.496
986 69.951
987 67.535
988 61.74;
	
set IP := 
1 1 46 442
1 2 46 442
1 2 46 443
1 3 46 442
1 3 46 443
1 3 46 444
1 4 46 442
1 4 46 443
1 4 46 444
1 4 46 445
1 5 46 442
1 5 46 443
1 5 46 444
1 5 46 445
1 5 46 446
1 6 46 442
1 6 46 443
1 6 46 444
1 6 46 445
1 6 46 446
1 6 46 447
1 7 46 442
1 7 46 443
1 7 46 444
1 7 46 445
1 7 46 446
1 7 46 447
1 7 46 448
1 8 46 443
1 8 46 444
1 8 46 445
1 8 46 446
1 8 46 447
1 8 46 448
1 9 46 444
1 9 46 445
1 9 46 446
1 9 46 447
1 9 46 448
1 10 46 444
1 10 46 445
1 10 46 446
1 10 46 447
1 10 46 448
1 10 83 911
1 11 46 445
1 11 46 446
1 11 46 447
1 11 46 448
1 11 83 911
1 11 83 912
1 12 46 446
1 12 46 447
1 12 46 448
1 12 83 911
1 12 83 912
1 12 83 913
1 13 46 447
1 13 46 448
1 13 83 911
1 13 83 912
1 13 83 913
1 13 83 914
1 14 46 448
1 14 65 655
1 14 83 911
1 14 83 912
1 14 83 913
1 14 83 914
1 14 83 915
1 15 65 655
1 15 83 911
1 15 83 912
1 15 83 913
1 15 83 914
1 15 83 915
1 15 83 916
1 16 65 655
1 16 65 656
1 16 65 657
1 16 83 911
1 16 83 912
1 16 83 913
1 16 83 914
1 16 83 915
1 16 83 916
1 16 83 917
3 29 8 63
3 30 8 63
3 31 8 63
3 31 8 64
3 32 8 63
3 32 8 64
3 32 8 65
3 32 8 66
3 32 8 67
4 36 39 378
4 37 39 378
4 37 39 379
4 38 39 378
4 38 39 379
4 38 39 380
4 39 39 378
4 39 39 379
4 39 39 380
4 39 39 381
5 42 82 903
5 43 82 903
5 43 82 904
5 44 82 903
5 44 82 904
5 44 82 905
5 45 82 903
5 45 82 904
5 45 82 905
5 45 82 906
5 46 82 903
5 46 82 904
5 46 82 905
5 46 82 906
5 46 82 907
7 55 84 927
7 55 84 928
7 55 84 929
7 55 84 930
7 55 84 931
7 55 84 932
7 56 84 927
7 56 84 928
7 56 84 929
7 56 84 930
7 56 84 931
7 56 84 932
7 56 84 933
7 57 84 928
7 57 84 929
7 57 84 930
7 57 84 931
7 57 84 932
7 57 84 933
7 57 84 934
7 58 84 929
7 58 84 930
7 58 84 931
7 58 84 932
7 58 84 933
7 58 84 934
7 59 84 929
7 59 84 930
7 59 84 931
7 59 84 932
7 59 84 933
7 59 84 934
7 60 84 930
7 60 84 931
7 60 84 932
7 60 84 933
7 60 84 934
7 61 84 931
7 61 84 932
7 61 84 933
7 61 84 934
7 62 84 934
9 74 26 238
9 75 26 238
9 75 26 239
9 76 26 238
9 76 26 239
9 76 26 240
9 77 26 238
9 77 26 239
9 77 26 240
9 77 26 241
10 78 40 400
10 78 40 401
10 79 40 401
10 80 40 401
10 81 40 401
10 82 40 401
12 99 51 479
12 100 51 479
12 100 51 480
12 101 51 479
12 101 51 480
12 101 51 481
12 102 51 479
12 102 51 480
12 102 51 481
12 102 51 482
12 103 51 479
12 103 51 480
12 103 51 481
12 103 51 482
12 104 51 479
12 104 51 480
12 104 51 481
12 104 51 482
12 104 51 483
12 105 51 479
12 105 51 480
12 105 51 481
12 105 51 482
12 105 51 483
12 105 51 484
12 106 51 479
12 106 51 480
12 106 51 481
12 106 51 482
12 106 51 483
12 106 51 484
12 106 51 485
12 107 51 479
12 107 51 480
12 107 51 481
12 107 51 482
12 107 51 483
12 107 51 484
12 107 51 485
12 107 68 687
12 108 51 479
12 108 51 480
12 108 51 481
12 108 51 482
12 108 51 483
12 108 51 484
12 108 51 485
12 108 68 687
12 108 68 688
12 109 51 479
12 109 51 480
12 109 51 481
12 109 51 482
12 109 51 483
12 109 51 484
12 109 51 485
12 109 68 687
12 109 68 688
19 158 30 278
19 158 30 279
19 158 30 280
19 158 30 281
19 158 30 282
19 158 30 283
19 159 30 279
19 159 30 280
19 159 30 281
19 159 30 282
19 159 30 283
19 160 30 280
19 160 30 281
19 160 30 282
19 160 30 283
19 161 30 281
19 161 30 282
19 161 30 283
19 162 30 282
19 162 30 283
19 163 30 282
19 163 30 283
20 166 69 709
20 166 69 710
20 166 69 711
20 166 69 712
20 166 69 713
20 166 69 714
20 166 69 715
20 166 69 716
20 166 69 717
20 167 69 710
20 167 69 711
20 167 69 712
20 167 69 713
20 167 69 714
20 167 69 715
20 167 69 716
20 167 69 717
20 167 69 718
20 168 69 711
20 168 69 712
20 168 69 713
20 168 69 714
20 168 69 715
20 168 69 716
20 168 69 717
20 168 69 718
20 169 69 712
20 169 69 713
20 169 69 714
20 169 69 715
20 169 69 716
20 169 69 717
20 169 69 718
20 170 69 713
20 170 69 714
20 170 69 715
20 170 69 716
20 170 69 717
20 170 69 718
20 171 69 714
20 171 69 715
20 171 69 716
20 171 69 717
20 171 69 718
20 172 69 715
20 172 69 716
20 172 69 717
20 172 69 718
22 188 81 895
22 189 81 895
22 189 81 896
24 212 56 543
24 213 56 543
24 213 56 544
24 214 56 543
24 214 56 544
24 215 56 543
24 215 56 544
24 215 56 545
24 216 56 543
24 216 56 544
24 216 56 545
24 216 56 546
24 217 56 543
24 217 56 544
24 217 56 545
24 217 56 546
24 217 56 547
24 218 56 543
24 218 56 544
24 218 56 545
24 218 56 546
24 218 56 547
24 218 56 548
24 219 56 543
24 219 56 544
24 219 56 545
24 219 56 546
24 219 56 547
24 219 56 548
24 219 56 549
24 220 56 543
24 220 56 544
24 220 56 545
24 220 56 546
24 220 56 547
24 220 56 548
24 220 56 549
24 220 56 550
24 221 56 543
24 221 56 544
24 221 56 545
24 221 56 546
24 221 56 547
24 221 56 548
24 221 56 549
24 221 56 550
25 222 86 946
25 222 86 947
25 222 86 948
25 222 86 949
25 222 86 950
25 222 86 951
25 222 86 952
25 222 86 953
25 222 86 954
25 222 86 955
25 222 86 956
25 222 86 957
25 222 86 958
25 223 86 943
25 223 86 946
25 223 86 947
25 223 86 948
25 223 86 949
25 223 86 950
25 223 86 951
25 223 86 952
25 223 86 953
25 223 86 954
25 223 86 955
25 223 86 956
25 223 86 957
25 223 86 958
25 224 86 943
25 224 86 944
25 224 86 948
25 224 86 949
25 224 86 950
25 224 86 951
25 224 86 952
25 224 86 953
25 224 86 954
25 224 86 955
25 224 86 956
25 224 86 957
25 224 86 958
25 225 86 943
25 225 86 944
25 225 86 945
25 225 86 948
25 225 86 949
25 225 86 950
25 225 86 951
25 225 86 952
25 225 86 953
25 225 86 954
25 225 86 955
25 225 86 956
25 225 86 957
25 225 86 958
25 226 86 943
25 226 86 944
25 226 86 945
25 226 86 946
25 226 86 949
25 226 86 950
25 226 86 951
25 226 86 952
25 226 86 953
25 226 86 954
25 226 86 955
25 226 86 956
25 226 86 957
25 226 86 958
25 227 86 943
25 227 86 944
25 227 86 945
25 227 86 946
25 227 86 947
25 227 86 950
25 227 86 951
25 227 86 952
25 227 86 953
25 227 86 954
25 227 86 955
25 227 86 956
25 227 86 957
25 227 86 958
25 228 86 943
25 228 86 944
25 228 86 945
25 228 86 946
25 228 86 947
25 228 86 948
25 228 86 951
25 228 86 952
25 228 86 953
25 228 86 954
25 228 86 955
25 228 86 956
25 228 86 957
25 228 86 958
25 229 86 943
25 229 86 944
25 229 86 945
25 229 86 946
25 229 86 947
25 229 86 948
25 229 86 949
25 229 86 953
25 229 86 954
25 229 86 955
25 229 86 956
25 229 86 957
25 229 86 958
25 230 86 943
25 230 86 944
25 230 86 945
25 230 86 946
25 230 86 947
25 230 86 948
25 230 86 949
25 230 86 950
25 230 86 953
25 230 86 954
25 230 86 955
25 230 86 956
25 230 86 957
25 230 86 958
25 231 86 943
25 231 86 944
25 231 86 945
25 231 86 946
25 231 86 947
25 231 86 948
25 231 86 949
25 231 86 950
25 231 86 951
25 231 86 955
25 231 86 956
25 231 86 957
25 231 86 958
25 232 86 943
25 232 86 944
25 232 86 945
25 232 86 946
25 232 86 947
25 232 86 948
25 232 86 949
25 232 86 950
25 232 86 951
25 232 86 952
25 232 86 957
25 232 86 958
25 233 86 943
25 233 86 944
25 233 86 945
25 233 86 946
25 233 86 947
25 233 86 948
25 233 86 949
25 233 86 950
25 233 86 951
25 233 86 952
25 233 86 953
25 233 86 958
25 234 77 831
25 234 86 943
25 234 86 944
25 234 86 945
25 234 86 946
25 234 86 947
25 234 86 948
25 234 86 949
25 234 86 950
25 234 86 951
25 234 86 952
25 234 86 953
25 235 77 831
25 235 86 943
25 235 86 944
25 235 86 945
25 235 86 946
25 235 86 947
25 235 86 948
25 235 86 949
25 235 86 950
25 235 86 951
25 235 86 952
25 235 86 953
25 235 86 954
25 235 86 955
25 236 77 831
25 236 77 832
25 236 86 943
25 236 86 944
25 236 86 945
25 236 86 946
25 236 86 947
25 236 86 948
25 236 86 949
25 236 86 950
25 236 86 951
25 236 86 952
25 236 86 953
25 236 86 954
25 236 86 955
25 237 77 831
25 237 77 832
25 237 77 833
25 237 86 943
25 237 86 944
25 237 86 945
25 237 86 946
25 237 86 947
25 237 86 948
25 237 86 949
25 237 86 950
25 237 86 951
25 237 86 952
25 237 86 953
25 237 86 954
25 237 86 955
25 237 86 956
27 254 36 330
27 254 36 331
27 254 36 332
27 254 36 333
27 254 36 334
27 254 36 335
27 254 36 336
27 254 36 337
27 255 36 330
27 255 36 331
27 255 36 332
27 255 36 333
27 255 36 334
27 255 36 335
27 255 36 336
27 255 36 337
27 255 36 338
27 256 36 330
27 256 36 331
27 256 36 332
27 256 36 333
27 256 36 334
27 256 36 335
27 256 36 336
27 256 36 337
27 256 36 338
27 256 36 339
27 257 36 330
27 257 36 331
27 257 36 332
27 257 36 333
27 257 36 334
27 257 36 335
27 257 36 336
27 257 36 337
27 257 36 338
27 257 36 339
27 257 36 340
27 257 36 341
27 258 36 330
27 258 36 331
27 258 36 332
27 258 36 333
27 258 36 334
27 258 36 335
27 258 36 336
27 258 36 337
27 258 36 338
27 258 36 339
27 258 36 340
27 258 36 341
27 258 36 342
27 258 69 703
27 259 36 330
27 259 36 331
27 259 36 332
27 259 36 333
27 259 36 334
27 259 36 335
27 259 36 336
27 259 36 337
27 259 36 338
27 259 36 339
27 259 36 340
27 259 36 341
27 259 36 342
27 259 36 343
27 259 69 703
27 259 69 704
27 260 36 330
27 260 36 331
27 260 36 332
27 260 36 333
27 260 36 334
27 260 36 335
27 260 36 336
27 260 36 337
27 260 36 338
27 260 36 339
27 260 36 340
27 260 36 341
27 260 36 342
27 260 36 343
27 260 36 344
27 260 36 345
27 260 69 703
27 260 69 704
27 260 69 705
28 261 80 880
28 261 80 881
28 261 80 882
28 261 80 883
28 261 80 884
28 261 80 885
28 261 80 886
28 261 80 887
28 261 80 888
28 262 80 881
28 262 80 882
28 262 80 883
28 262 80 884
28 262 80 885
28 262 80 886
28 262 80 887
28 262 80 888
28 262 80 889
28 263 80 883
28 263 80 884
28 263 80 885
28 263 80 886
28 263 80 887
28 263 80 888
28 263 80 889
28 263 80 890
28 264 80 883
28 264 80 884
28 264 80 885
28 264 80 886
28 264 80 887
28 264 80 888
28 264 80 889
28 264 80 890
28 264 80 891
28 265 80 885
28 265 80 886
28 265 80 887
28 265 80 888
28 265 80 889
28 265 80 890
28 265 80 891
28 265 80 892
28 265 80 893
28 266 80 886
28 266 80 887
28 266 80 888
28 266 80 889
28 266 80 890
28 266 80 891
28 266 80 892
28 266 80 893
28 266 80 894
28 267 80 887
28 267 80 888
28 267 80 889
28 267 80 890
28 267 80 891
28 267 80 892
28 267 80 893
28 267 80 894
28 268 80 891
28 268 80 892
28 268 80 893
28 268 80 894
32 298 40 394
32 298 40 395
36 337 69 703
36 338 69 703
36 338 69 704
36 339 69 703
36 339 69 704
36 340 69 703
36 340 69 704
36 340 69 705
36 341 69 703
36 341 69 704
36 341 69 705
36 341 69 706
36 342 69 703
36 342 69 704
36 342 69 705
36 342 69 706
36 342 69 707
36 343 69 703
36 343 69 704
36 343 69 705
36 343 69 706
36 343 69 707
36 343 69 708
36 344 69 703
36 344 69 704
36 344 69 705
36 344 69 706
36 344 69 707
36 344 69 708
36 344 69 709
36 345 69 703
36 345 69 704
36 345 69 705
36 345 69 706
36 345 69 707
36 345 69 708
36 345 69 709
38 368 64 639
38 369 64 639
38 369 64 640
38 370 64 639
38 370 64 640
38 370 64 641
38 371 64 639
38 371 64 640
38 371 64 641
38 371 64 642
38 372 64 639
38 372 64 640
38 372 64 641
38 372 64 642
38 372 64 643
38 373 64 639
38 373 64 640
38 373 64 641
38 373 64 642
38 373 64 643
38 373 64 644
38 374 64 639
38 374 64 640
38 374 64 641
38 374 64 642
38 374 64 643
38 374 64 644
38 375 64 639
38 375 64 640
38 375 64 641
38 375 64 642
38 375 64 643
38 375 64 644
38 375 64 645
38 376 64 639
38 376 64 640
38 376 64 641
38 376 64 642
38 376 64 643
38 376 64 644
38 376 64 645
38 376 64 646
38 377 64 639
38 377 64 640
38 377 64 641
38 377 64 642
38 377 64 643
38 377 64 644
38 377 64 645
38 377 64 646
38 377 64 647
43 418 63 634
43 418 63 635
43 418 63 636
43 418 63 637
43 418 63 638
43 419 63 635
43 419 63 636
43 419 63 637
43 419 63 638
43 420 63 636
43 420 63 637
43 420 63 638
43 421 63 637
43 421 63 638
43 422 63 638
43 423 63 638
44 428 76 815
44 429 76 815
44 429 76 816
44 430 76 815
44 430 76 816
44 430 76 817
44 431 76 815
44 431 76 816
44 431 76 817
44 431 76 818
44 432 76 815
44 432 76 816
44 432 76 817
44 432 76 818
44 432 76 819
44 433 76 815
44 433 76 816
44 433 76 817
44 433 76 818
44 433 76 819
44 433 76 820
44 433 76 821
46 448 83 911
48 458 87 959
48 459 87 959
48 459 87 960
48 460 87 959
48 460 87 960
48 460 87 961
48 461 87 959
48 461 87 960
48 461 87 961
48 462 87 959
48 462 87 960
48 462 87 961
48 462 87 962
48 463 87 959
48 463 87 960
48 463 87 961
48 463 87 962
48 463 87 963
48 463 87 964
48 463 87 965
49 464 70 730
49 464 70 731
49 464 70 732
49 464 70 733
49 464 70 734
49 465 70 732
49 465 70 733
49 465 70 734
49 466 70 733
49 466 70 734
49 467 70 734
51 482 68 687
51 483 68 687
51 483 68 688
51 484 68 687
51 484 68 688
51 484 68 689
51 485 68 687
51 485 68 688
51 485 68 689
51 485 68 690
51 486 68 687
51 486 68 688
51 486 68 689
51 486 68 690
51 486 68 691
51 486 68 692
51 486 68 693
55 527 73 775
55 527 73 776
55 527 73 777
55 527 73 778
55 527 73 779
55 527 73 780
55 527 73 781
55 527 73 782
55 528 73 776
55 528 73 777
55 528 73 778
55 528 73 779
55 528 73 780
55 528 73 781
55 528 73 782
55 529 73 777
55 529 73 778
55 529 73 779
55 529 73 780
55 529 73 781
55 529 73 782
55 530 73 778
55 530 73 779
55 530 73 780
55 530 73 781
55 530 73 782
55 531 73 779
55 531 73 780
55 531 73 781
55 531 73 782
55 532 73 780
55 532 73 781
55 532 73 782
55 533 73 781
55 533 73 782
55 534 73 782
58 575 71 735
58 575 71 736
58 575 71 737
58 575 71 738
58 575 71 739
58 575 71 740
58 575 71 741
58 575 71 742
58 575 71 743
58 575 71 744
58 575 71 745
58 575 71 746
58 575 71 747
58 575 71 748
58 575 71 749
58 575 71 750
58 576 71 735
58 576 71 736
58 576 71 737
58 576 71 738
58 576 71 739
58 576 71 740
58 576 71 741
58 576 71 742
58 576 71 743
58 576 71 744
58 576 71 745
58 576 71 746
58 576 71 747
58 576 71 748
58 576 71 749
58 576 71 750
58 577 71 735
58 577 71 736
58 577 71 737
58 577 71 738
58 577 71 739
58 577 71 740
58 577 71 741
58 577 71 742
58 577 71 743
58 577 71 744
58 577 71 745
58 577 71 746
58 577 71 747
58 577 71 748
58 577 71 749
58 577 71 750
58 578 71 735
58 578 71 736
58 578 71 737
58 578 71 738
58 578 71 739
58 578 71 740
58 578 71 741
58 578 71 742
58 578 71 743
58 578 71 744
58 578 71 745
58 578 71 746
58 578 71 747
58 578 71 748
58 578 71 749
58 578 71 750
58 579 71 735
58 579 71 736
58 579 71 737
58 579 71 738
58 579 71 739
58 579 71 740
58 579 71 741
58 579 71 742
58 579 71 743
58 579 71 744
58 579 71 745
58 579 71 746
58 579 71 747
58 579 71 748
58 579 71 749
58 579 71 750
58 580 71 735
58 580 71 736
58 580 71 737
58 580 71 738
58 580 71 739
58 580 71 740
58 580 71 741
58 580 71 742
58 580 71 743
58 580 71 744
58 580 71 745
58 580 71 746
58 580 71 747
58 580 71 748
58 580 71 749
58 580 71 750
58 581 71 735
58 581 71 736
58 581 71 737
58 581 71 738
58 581 71 739
58 581 71 740
58 581 71 741
58 581 71 742
58 581 71 743
58 581 71 744
58 581 71 745
58 581 71 746
58 581 71 747
58 581 71 748
58 581 71 749
58 581 71 750
58 582 71 735
58 582 71 736
58 582 71 737
58 582 71 738
58 582 71 739
58 582 71 740
58 582 71 741
58 582 71 742
58 582 71 743
58 582 71 744
58 582 71 745
58 582 71 746
58 582 71 747
58 582 71 748
58 582 71 749
58 582 71 750
58 583 71 736
58 583 71 737
58 583 71 738
58 583 71 739
58 583 71 740
58 583 71 741
58 583 71 742
58 583 71 743
58 583 71 744
58 583 71 745
58 583 71 746
58 583 71 747
58 583 71 748
58 583 71 749
58 583 71 750
58 584 71 737
58 584 71 738
58 584 71 739
58 584 71 740
58 584 71 741
58 584 71 742
58 584 71 743
58 584 71 744
58 584 71 745
58 584 71 746
58 584 71 747
58 584 71 748
58 584 71 749
58 584 71 750
58 585 71 737
58 585 71 738
58 585 71 739
58 585 71 740
58 585 71 741
58 585 71 742
58 585 71 743
58 585 71 744
58 585 71 745
58 585 71 746
58 585 71 747
58 585 71 748
58 585 71 749
58 585 71 750
58 586 71 738
58 586 71 739
58 586 71 740
58 586 71 741
58 586 71 742
58 586 71 743
58 586 71 744
58 586 71 745
58 586 71 746
58 586 71 747
58 586 71 748
58 586 71 749
58 586 71 750
58 587 71 739
58 587 71 740
58 587 71 741
58 587 71 742
58 587 71 743
58 587 71 744
58 587 71 745
58 587 71 746
58 587 71 747
58 587 71 748
58 587 71 749
58 587 71 750
58 588 71 740
58 588 71 741
58 588 71 742
58 588 71 743
58 588 71 744
58 588 71 745
58 588 71 746
58 588 71 747
58 588 71 748
58 588 71 749
58 588 71 750
58 589 71 740
58 589 71 741
58 589 71 742
58 589 71 743
58 589 71 744
58 589 71 745
58 589 71 746
58 589 71 747
58 589 71 748
58 589 71 750
58 590 71 741
58 590 71 742
58 590 71 743
58 590 71 744
58 590 71 745
58 590 71 746
58 590 71 747
58 590 71 748
58 590 71 749
58 590 71 750
65 655 83 912
65 655 83 913
65 655 83 914
65 655 83 915
65 655 83 916
65 655 83 917
65 655 83 918
65 655 83 919
65 656 83 913
65 656 83 914
65 656 83 915
65 656 83 916
65 656 83 917
65 656 83 918
65 656 83 919
65 656 83 920
65 656 83 921
65 657 83 914
65 657 83 915
65 657 83 916
65 657 83 917
65 657 83 918
65 657 83 919
65 657 83 920
65 657 83 921
65 657 83 922
65 658 83 915
65 658 83 916
65 658 83 917
65 658 83 918
65 658 83 919
65 658 83 920
65 658 83 921
65 658 83 922
65 658 83 923
65 659 83 916
65 659 83 917
65 659 83 918
65 659 83 919
65 659 83 920
65 659 83 921
65 659 83 922
65 659 83 923
65 659 83 924
65 659 83 925
65 660 83 917
65 660 83 918
65 660 83 919
65 660 83 920
65 660 83 921
65 660 83 922
65 660 83 923
65 660 83 924
65 660 83 925
65 660 83 926
65 661 83 918
65 661 83 919
65 661 83 920
65 661 83 921
65 661 83 922
65 661 83 923
65 661 83 924
65 661 83 925
65 661 83 926
65 662 83 923
65 662 83 924
65 662 83 925
65 662 83 926
67 676 89 974
67 677 89 974
67 677 89 975
67 678 89 974
67 678 89 975
67 679 89 974
67 679 89 975
67 679 89 976
67 680 89 974
67 680 89 975
67 680 89 976
67 680 89 977
67 681 89 974
67 681 89 975
67 681 89 976
67 681 89 977
67 681 89 978
67 682 89 974
67 682 89 975
67 682 89 976
67 682 89 977
67 682 89 978
67 683 89 974
67 683 89 975
67 683 89 976
67 683 89 977
67 683 89 978
67 683 89 979
67 684 89 974
67 684 89 975
67 684 89 976
67 684 89 977
67 684 89 978
67 684 89 979
67 684 89 980
67 685 89 974
67 685 89 975
67 685 89 976
67 685 89 977
67 685 89 978
67 685 89 979
67 685 89 980
67 686 89 975
67 686 89 976
67 686 89 977
67 686 89 978
67 686 89 979
67 686 89 980
77 831 86 943
77 831 86 944
77 831 86 945
77 831 86 946
77 831 86 947
77 831 86 948
77 831 86 949
77 831 86 950
77 831 86 951
77 831 86 952
77 831 86 953
77 831 86 954
77 831 86 955
77 831 86 956
77 831 86 957
77 831 86 958
77 832 86 943
77 832 86 944
77 832 86 945
77 832 86 946
77 832 86 947
77 832 86 948
77 832 86 949
77 832 86 950
77 832 86 951
77 832 86 952
77 832 86 953
77 832 86 954
77 832 86 955
77 832 86 956
77 832 86 957
77 832 86 958
77 833 86 943
77 833 86 944
77 833 86 945
77 833 86 946
77 833 86 947
77 833 86 948
77 833 86 949
77 833 86 950
77 833 86 951
77 833 86 952
77 833 86 953
77 833 86 954
77 833 86 955
77 833 86 956
77 833 86 957
77 833 86 958
77 834 86 943
77 834 86 944
77 834 86 945
77 834 86 946
77 834 86 947
77 834 86 948
77 834 86 949
77 834 86 950
77 834 86 951
77 834 86 952
77 834 86 953
77 834 86 954
77 834 86 955
77 834 86 956
77 834 86 957
77 834 86 958
77 835 86 943
77 835 86 944
77 835 86 945
77 835 86 946
77 835 86 947
77 835 86 949
77 835 86 950
77 835 86 951
77 835 86 952
77 835 86 953
77 835 86 954
77 835 86 955
77 835 86 956
77 835 86 957
77 835 86 958
77 836 86 943
77 836 86 944
77 836 86 945
77 836 86 946
77 836 86 947
77 836 86 948
77 836 86 950
77 836 86 951
77 836 86 952
77 836 86 953
77 836 86 954
77 836 86 955
77 836 86 956
77 836 86 957
77 836 86 958
77 837 86 943
77 837 86 944
77 837 86 945
77 837 86 946
77 837 86 947
77 837 86 948
77 837 86 950
77 837 86 951
77 837 86 952
77 837 86 953
77 837 86 954
77 837 86 955
77 837 86 956
77 837 86 957
77 837 86 958
77 838 86 954
77 838 86 955
77 838 86 956
77 838 86 957
77 838 86 958
77 839 86 955
77 839 86 956
77 839 86 957
77 839 86 958
77 840 86 956
77 840 86 957
77 840 86 958
77 841 86 957
77 841 86 958
78 847 85 942;